0440
0340
02e0
0180
0260
0380
0220
03c0
0240
0400
02c0
0380
0280
0360
0320
0480
01c0
0340
0400
0500
0260
0300
0200
01a0
0260
0240
03e0
0400
0180
0380
0220
01c0
0240
0260
0420
0350
02e0
0300
0280
03c0
0380
01e0
0420
0220
0200
0200
0440
0140
0180
0220
02a0
0280
0220
0200
0260
0240
0700
01e0
06c0
01a0
0300
0280
0400
02c0
01d0
04c0
0220
02a0
0400
0280
03c0
0280
03a0
0280
0220
01e0
03c0
04a0
02e0
0180
0220
0240
02a0
0160
0400
0250
01e0
0380
0420
0340
0240
0280
01e0
02c0
0360
0260
02a0
0280
0250
0280
0300
0180
00c0
03c0
0380
04a0
0320
0280
0400
0320
0440
0180
0200
0340
0300
01e0
0190
0280
0280
02c0
0440
02e0
0220
0260
0340
0120
0260
0200
