01a0
0240
0310
0140
02c0
0220
0480
0310
0160
0280
0400
0300
0340
04e0
0240
02c0
0440
0140
0340
01c0
01a0
01e0
0400
0460
0300
05c0
0120
0220
0300
0620
02c0
04a0
0340
0400
0200
0200
0340
02a0
04c0
02e0
0260
01a0
0160
03a0
02a0
02c0
02b0
04b0
0280
0360
0240
0200
0440
0380
0340
0360
0600
01e0
0380
03c0
0480
0820
0140
0480
04e0
02a0
0360
0340
0320
03a0
0360
01c0
02a0
01a0
02a0
0300
02c0
0300
0340
02a0
04a0
0220
0140
02e0
01c0
0300
0100
0290
0200
0180
0300
0240
0340
0140
0260
0230
0140
01b0
0240
0240
0200
0340
0220
05e0
0240
0380
0100
0360
0320
0200
02a0
01f0
0200
02a0
0180
0340
01f0
00e0
0220
0280
0560
02e0
0380
0350
0380
0260
0320
04a0
