000000110111011000
000000110111011000
000001000000111110
000001000000111110
000010001111011110
000010001111011110
000001000010101011
000001000010101011
000000001000111110
000000001000111110
000010000101101010
000010000101101010
000001101100111100
000001101100111100
000001000001100010
000001000001100010
000001110010111001
000001110010111001
000000111100000001
000000111100000001
000001110100001110
000001110100001110
000010010000010101
000010010000010101
000001110011000010
000001110011000010
000010000101101100
000010000101101100
000001011110110101
000001011110110101
000000001001110011
000000001001110100
000001101000001110
000001101000001110
000000001111010111
000000001111010111
000000110000010000
000000110000010000
000000000001000100
000000000001000101
000000111111101000
000000111111101000
000010001101100110
000010001101100110
000001101100110000
000001101100110000
000000000100000010
000000000100000010
000000011110100101
000000011110100101
000010000100010110
000010000100010110
000000110001010101
000000110001010101
000001010110100100
000001010110100100
000000101111010101
000000101111010101
000000010010100111
000000010010100111
000010000101000011
000010000101000011
000001110100101010
000001110100101010
000001101001111010
000001101001111010
000000000000010100
000000000000010100
000001001010000010
000001001010000010
000000100100110100
000000100100110100
000000110000000001
000000110000000001
000010000111100111
000010000111100111
000000110001100000
000000110001100000
000001010000110110
000001010000110110
000010000011100000
000010000011100000
000010001010110110
000010001010110110
000010000000001010
000010000000001011
000000010000010010
000000010000010010
000000101100011110
000000101100011110
000000110100000011
000000110100000011
000000010010111111
000000010010111111
000000011000110100
000000011000110100
000001100101001111
000001100101001111
000000100110000001
000000100110000001
000001111100111111
000001111101000000
000000101111011010
000000101111011010
000001101000101110
000001101000101110
000001000000010001
000001000000010001
000001010110110101
000001010110110100
000001010110011101
000001010110011101
000001011101100010
000001011101100010
000000001111110110
000000001111110110
000001001001001101
000001001001001101
000001100000000001
000001100000000001
000001001010101011
000001001010101011
000000010110000111
000000010110000111
000001110111110111
000001110111110111
000010010010010010
000010010010010010
000000110000101100
000000110000101100
000001111001110111
000001111001110111
000000100010011011
000000100010011011
000001011001000101
000001011001000110
000001110001110010
000001110001110010
000001110101110101
000001110101110101
000001111000111010
000001111000111010
000001101110010011
000001101110010011
000001000100000100
000001000100000100
000000110110110111
000000110110110111
000010001000010010
000010001000010010
000000101001011011
000000101001011011
000010001001100010
000010001001100010
000010010001111001
000010010001111001
000000100001010001
000000100001010001
000001000101011110
000001000101011110
000000000110010011
000000000110010011
000010000101100001
000010000101100001
000010001000111101
000010001000111101
000000000011111111
000000000011111111
000001000000101111
000001000000101110
000001110110111000
000001110110111000
000000000011100001
000000000011100001
000001101100110100
000001101100110100
000000001101110011
000000001101110011
000001010010000110
000001010010000110
000001110101101010
000001110101101010
000001010110111111
000001001100001000
000001100000101101
000001100000101101
000001101110010111
000001101110010111
000001010101001110
000001010101001110
000000110110001111
000000110110001111
000000011101101000
000000011101101001
000000001110100101
000000001110100101
000000010000000101
000000010000000100
000001000000010111
000001000000010111
000000000111011110
000000000111011110
000010010001100001
000010010001100001
000000000011011001
000000000011011001
000001111100100011
000001111100100011
000001111011101101
000001111011101101
000000011000001111
000000011000001111
000001101100100000
000001101100100000
000000110011010101
000000110011010101
000000001101010111
000000001101010111
000001101000011100
000001101000011100
000001100001010011
000001100001010011
000010010001010101
000010010001010101
000000011010010011
000000011010010011
000001100010000011
000001100010000011
000010001011001100
000010001011001100
000001111000001100
000001111000001100
000001010010100011
000001010010100011
000000100101111010
000000100101111010
000001110100100001
000001110100100001
000001101010000110
000001101010000110
000000100101010101
000000100101010101
000001011000010110
000001011000010111
000001111101011111
000001111101011111
000001011111111001
000001011111111001
000000101000111000
000000101000111000
000001011100100111
000001011100100111
000000010010111011
000000010010111011
000000010000111010
000000010000111010
