0080
0080
0080
0080
0080
0080
0080
0080
0080
0080
0080
0080
0080
0080
0080
0080
00c0
0080
0080
0080
0080
0080
0080
0080
0080
0080
0080
0080
0080
0080
0080
0080
0080
0080
0080
0080
0080
0080
0080
0080
0080
0080
0080
0081
0080
0080
0080
0080
0080
0080
0080
0080
0080
0080
0080
0080
0080
0080
0080
00a0
0080
0080
0080
0080
0080
0080
0080
0080
0080
0080
0080
0080
0081
0090
0080
0080
0080
0080
00a0
0080
0080
0080
0080
0080
0080
0080
0080
0080
0080
0080
0080
0080
0080
0080
0080
0080
0080
0080
0080
0080
0080
0080
0080
0080
0084
0080
0080
0080
00a0
0080
0080
0080
0080
0080
0080
0080
0080
0080
0080
00a0
0080
0080
0080
0080
0080
0080
0080
0080
