0080
0080
0080
0080
0080
0080
0080
0080
0080
0080
0080
0080
0080
0080
0080
0080
0080
0080
0080
0080
0080
0080
0080
0080
0080
0088
0080
0080
0080
0080
0080
0080
0080
0080
0080
0080
0090
0080
0080
0080
0080
0080
0080
0080
0080
0080
0080
0080
0080
0080
0080
0080
0094
0080
0080
0080
0080
0080
0080
0080
0080
0080
0080
0080
0080
0080
0080
0080
0080
0080
0080
0080
0080
0080
0080
0080
0080
0080
0080
0080
0080
0080
0080
0080
0080
0080
0080
0080
0080
0080
0080
0080
0080
0080
0080
0080
0080
0080
0080
0080
0080
0080
0080
0080
0080
0080
0080
0080
0080
0080
0080
0080
0080
0080
0080
0080
0080
0080
0080
0080
0080
0080
0080
0080
0080
0080
0080
0080
