0080
0080
0080
0080
0080
00a0
0080
0080
0080
0080
0080
0080
0080
0090
0080
00a0
0080
0080
0080
0080
0080
0080
0080
0080
0080
0080
00c0
0080
0080
0080
00c0
0080
0080
0080
0084
0090
0080
0080
0080
0081
0080
0080
0088
0080
0080
0080
0080
0082
0080
0080
0080
0080
0080
0080
0080
0080
0080
0080
0080
0080
00c0
0080
0080
0080
0080
0080
0080
0080
0082
00a8
0080
0080
0080
0080
0080
0080
0080
0080
0080
0080
0080
0080
0080
0080
0080
0080
0080
0080
0080
0080
0080
0080
0080
0080
0080
0080
0080
0080
0080
0080
0080
00c0
0080
0080
0080
0080
0080
0080
0080
0084
0080
0080
0080
0080
00e0
0080
0080
0080
0080
0080
0084
0080
0080
0080
0080
0080
0080
0080
